bread <- c(12, 3, 5, 11, 9)
milk <- c(21, 27, 18, 20, 15)
cola_cans <- c(10, 1, 33, 6, 12)
chocolate_bars <- c(6, 7, 4, 13, 12)
detergent <- c(5, 8, 12, 20, 23)

bread
milk
cola_cans
chocolate_bars
detergent
